# ************************************
# University of Crete
# Computer Science Department
# 
# CS240 - Data Structures
# Project - Phase I test file
# 
# Events:    Number:
#   R         10
#   S         2
#   T         100
#   U         1
#   D         1
#   L         1
#   M         1
#   F         1
#   X         3
#   Y         2
# 
# Created on: 25/2/2018, 13:32:7
# ************************************

R 919
R 910
R 221
R 636
R 697
R 684
R 645
R 813
R 412
R 700
S 684 813
S 910 645
T 919 3773 8 20180321 3
T 919 6102 5 20180304 2
T 919 4894 0 20180328 5
T 919 3179 6 20180309 2
T 919 6012 3 20180324 2
T 919 1433 3 20180301 3
T 919 1212 5 20180307 3
T 919 9130 3 20180331 2
T 919 2194 6 20180317 5
T 919 2224 6 20180329 4
T 910 7708 8 20180309 7
T 910 5292 5 20180305 1
T 910 9461 8 20180308 7
T 910 3219 2 20180312 2
T 910 8519 5 20180320 6
T 910 8923 6 20180330 1
T 910 3170 4 20180323 3
T 910 2372 6 20180330 7
T 910 5096 2 20180328 7
T 910 7880 0 20180330 5
T 221 9248 2 20180322 2
T 221 5401 0 20180314 3
T 221 6891 0 20180302 4
T 221 7176 0 20180317 7
T 221 5514 2 20180310 5
T 221 9062 2 20180318 3
T 221 5265 4 20180309 2
T 221 5173 2 20180330 3
T 221 5227 6 20180317 7
T 221 7418 9 20180309 3
T 636 1428 3 20180328 6
T 636 4245 4 20180321 7
T 636 7403 9 20180317 5
T 636 2949 0 20180330 5
T 636 5555 2 20180329 7
T 636 5413 8 20180311 7
T 636 5575 8 20180329 2
T 636 8833 2 20180319 7
T 636 5939 4 20180321 7
T 636 9483 3 20180324 5
T 697 3513 2 20180309 4
T 697 4211 2 20180306 7
T 697 5147 1 20180326 7
T 697 9887 1 20180329 4
T 697 1688 8 20180323 7
T 697 1288 3 20180327 5
T 697 8188 5 20180316 6
T 697 8469 2 20180313 1
T 697 5954 6 20180319 7
T 697 8887 7 20180324 3
T 684 9159 6 20180309 7
T 684 8073 1 20180313 7
T 684 1266 1 20180326 1
T 684 4727 6 20180320 2
T 684 2715 1 20180330 1
T 684 4558 3 20180305 7
T 684 1059 7 20180327 7
T 684 5733 6 20180307 4
T 684 3036 5 20180311 1
T 684 7374 7 20180328 6
T 645 8415 6 20180325 2
T 645 4219 4 20180314 4
T 645 6179 4 20180318 7
T 645 7796 6 20180329 6
T 645 4899 7 20180320 7
T 645 4540 8 20180313 5
T 645 4360 7 20180320 1
T 645 4911 5 20180326 2
T 645 2712 6 20180316 4
T 645 1554 9 20180303 5
T 813 4178 6 20180319 1
T 813 4276 5 20180327 6
T 813 3655 5 20180324 5
T 813 4416 1 20180310 6
T 813 8797 9 20180326 3
T 813 5017 6 20180318 5
T 813 3462 0 20180306 3
T 813 1036 2 20180331 3
T 813 9517 5 20180315 3
T 813 1950 3 20180304 3
T 412 8654 8 20180303 2
T 412 1113 3 20180331 7
T 412 4031 8 20180306 6
T 412 5251 7 20180314 6
T 412 8165 6 20180303 6
T 412 8968 0 20180305 6
T 412 6709 6 20180305 6
T 412 9628 2 20180305 6
T 412 2028 2 20180302 1
T 412 6638 0 20180301 7
T 700 8565 1 20180324 3
T 700 9333 1 20180302 6
T 700 7935 1 20180317 5
T 700 2747 6 20180316 6
T 700 3723 6 20180318 2
T 700 8916 7 20180303 7
T 700 9447 1 20180304 4
T 700 2192 1 20180317 7
T 700 3815 2 20180309 2
T 700 4971 3 20180330 2
X
Y
U 910 645
D 412
X
L 221 5265
M 9 3
F 3655 5
X
Y
