# ************************************
# University of Crete
# Computer Science Department
# 
# CS240 - Data Structures
# Project - Phase I test file
# 
# Events:    Number:
#   R         20
#   S         5
#   T         500
#   U         2
#   D         2
#   L         1
#   M         1
#   F         1
#   X         3
#   Y         2
# 
# Created on: 25/2/2018, 13:33:47
# ************************************

R 325
R 738
R 461
R 197
R 161
R 759
R 739
R 817
R 909
R 673
R 551
R 541
R 980
R 115
R 796
R 171
R 976
R 786
R 981
R 565
S 739 981
S 909 976
S 981 325
S 786 171
S 551 738
T 325 4560 7 20180324 6
T 325 8850 8 20180317 5
T 325 6639 4 20180307 1
T 325 9283 1 20180305 5
T 325 3491 1 20180315 2
T 325 6736 7 20180307 1
T 325 6495 1 20180303 4
T 325 9123 5 20180317 3
T 325 4237 3 20180303 2
T 325 2241 6 20180326 6
T 325 1493 0 20180328 7
T 325 3091 0 20180321 4
T 325 2428 1 20180324 6
T 325 9047 9 20180327 4
T 325 1808 9 20180331 7
T 325 5794 5 20180310 7
T 325 8703 3 20180304 7
T 325 1102 9 20180324 1
T 325 9765 6 20180302 2
T 325 7216 7 20180323 6
T 325 8542 4 20180321 6
T 325 5070 4 20180308 4
T 325 4918 2 20180317 7
T 325 8058 8 20180327 5
T 325 2900 9 20180320 2
T 738 9320 3 20180309 7
T 738 1398 3 20180304 6
T 738 1371 8 20180319 7
T 738 3710 2 20180319 6
T 738 7563 8 20180310 2
T 738 1770 8 20180305 7
T 738 6897 9 20180316 7
T 738 9807 1 20180303 7
T 738 5832 3 20180325 5
T 738 7370 9 20180310 6
T 738 7535 9 20180320 1
T 738 2181 2 20180325 7
T 738 1798 0 20180301 2
T 738 9157 1 20180302 4
T 738 2364 5 20180314 1
T 738 7286 5 20180302 2
T 738 9050 8 20180326 5
T 738 7669 1 20180311 4
T 738 1307 9 20180316 2
T 738 2980 2 20180301 3
T 738 4165 0 20180315 2
T 738 2885 5 20180326 3
T 738 1731 2 20180316 6
T 738 7881 5 20180301 5
T 738 8488 2 20180304 7
T 461 6516 5 20180331 5
T 461 1562 1 20180326 3
T 461 2718 1 20180322 2
T 461 6441 9 20180315 1
T 461 7908 8 20180307 1
T 461 3739 9 20180325 6
T 461 1070 4 20180306 6
T 461 7306 2 20180325 3
T 461 8719 8 20180329 7
T 461 9726 7 20180309 2
T 461 8571 9 20180313 4
T 461 9060 8 20180318 5
T 461 7008 7 20180322 7
T 461 8045 4 20180325 6
T 461 9080 9 20180320 5
T 461 3518 4 20180329 1
T 461 3164 8 20180302 2
T 461 5846 3 20180312 3
T 461 3373 7 20180326 2
T 461 6654 4 20180326 3
T 461 2738 5 20180309 7
T 461 9639 0 20180324 7
T 461 1530 3 20180315 3
T 461 8498 3 20180315 1
T 461 2687 5 20180309 6
T 197 8649 6 20180304 1
T 197 4852 9 20180309 1
T 197 4008 0 20180311 4
T 197 6371 6 20180316 4
T 197 7200 2 20180313 6
T 197 7006 8 20180303 4
T 197 3155 5 20180318 3
T 197 1874 8 20180305 7
T 197 5612 2 20180302 7
T 197 2710 3 20180331 4
T 197 4862 3 20180302 1
T 197 9724 5 20180319 5
T 197 8427 9 20180313 4
T 197 8814 4 20180331 1
T 197 1505 5 20180317 2
T 197 4830 6 20180304 7
T 197 9519 1 20180328 1
T 197 5451 8 20180321 7
T 197 3024 7 20180330 2
T 197 3411 5 20180327 1
T 197 5768 2 20180319 3
T 197 7770 5 20180316 6
T 197 2322 0 20180330 5
T 197 7557 0 20180316 5
T 197 3008 3 20180326 6
T 161 3384 4 20180320 4
T 161 2671 5 20180322 4
T 161 2112 5 20180317 5
T 161 8166 1 20180302 4
T 161 7412 5 20180312 7
T 161 6382 3 20180314 3
T 161 4429 9 20180301 5
T 161 3986 8 20180310 5
T 161 3580 9 20180303 4
T 161 5992 7 20180329 5
T 161 3774 4 20180311 1
T 161 6456 3 20180321 3
T 161 9465 0 20180306 4
T 161 3961 6 20180327 5
T 161 5975 8 20180310 7
T 161 7129 6 20180315 7
T 161 6399 5 20180314 2
T 161 4056 3 20180326 5
T 161 8555 1 20180324 4
T 161 5931 4 20180324 4
T 161 4742 9 20180301 6
T 161 5977 8 20180315 1
T 161 7838 7 20180331 4
T 161 4652 4 20180313 1
T 161 1365 8 20180305 3
T 759 2935 9 20180301 1
T 759 2422 7 20180316 5
T 759 2674 2 20180307 5
T 759 2868 2 20180311 6
T 759 2029 8 20180327 7
T 759 6140 8 20180310 7
T 759 3962 7 20180331 3
T 759 6150 1 20180324 6
T 759 2228 7 20180327 3
T 759 6025 3 20180301 6
T 759 6462 1 20180311 6
T 759 4751 6 20180318 4
T 759 5454 4 20180313 1
T 759 3687 7 20180302 5
T 759 4996 0 20180331 1
T 759 2521 7 20180325 3
T 759 5727 6 20180319 1
T 759 9889 6 20180326 5
T 759 8159 1 20180313 2
T 759 8808 9 20180324 3
T 759 4834 1 20180314 6
T 759 8827 4 20180311 3
T 759 5478 3 20180311 5
T 759 1876 1 20180331 5
T 759 8014 5 20180322 6
T 739 2555 5 20180312 7
T 739 7379 7 20180306 5
T 739 7799 9 20180330 2
T 739 1661 3 20180329 7
T 739 8553 2 20180308 3
T 739 6478 5 20180301 5
T 739 7488 9 20180311 4
T 739 5934 0 20180309 6
T 739 6125 6 20180322 2
T 739 4601 8 20180327 2
T 739 8148 7 20180311 7
T 739 2451 2 20180326 1
T 739 5518 0 20180311 1
T 739 6895 3 20180326 3
T 739 3853 1 20180328 7
T 739 2625 1 20180319 6
T 739 7957 2 20180301 2
T 739 2312 8 20180311 7
T 739 7092 6 20180326 6
T 739 9184 6 20180327 3
T 739 7180 1 20180317 3
T 739 5655 3 20180323 6
T 739 5361 5 20180322 5
T 739 7641 2 20180313 4
T 739 6055 4 20180322 5
T 817 3940 0 20180321 1
T 817 7111 4 20180327 5
T 817 1669 6 20180331 6
T 817 8712 5 20180304 3
T 817 8750 8 20180307 3
T 817 4732 9 20180301 2
T 817 2744 4 20180321 6
T 817 8826 3 20180315 2
T 817 4245 1 20180307 1
T 817 6095 0 20180320 5
T 817 7505 6 20180313 5
T 817 2350 5 20180330 1
T 817 3927 1 20180312 6
T 817 1631 3 20180328 2
T 817 8144 5 20180301 5
T 817 9135 4 20180327 2
T 817 6337 0 20180310 2
T 817 1917 9 20180325 6
T 817 6042 2 20180313 5
T 817 7356 3 20180323 1
T 817 5686 0 20180324 5
T 817 5016 6 20180327 2
T 817 2986 8 20180329 1
T 817 4212 7 20180313 7
T 817 8408 6 20180304 7
T 909 6630 9 20180324 2
T 909 1996 1 20180328 6
T 909 5616 6 20180327 1
T 909 7267 6 20180320 1
T 909 3564 4 20180312 4
T 909 4186 2 20180320 5
T 909 1443 0 20180321 7
T 909 7413 7 20180325 3
T 909 7113 5 20180317 6
T 909 7316 4 20180319 2
T 909 1344 4 20180308 6
T 909 1687 8 20180328 3
T 909 4174 2 20180327 5
T 909 5912 4 20180313 5
T 909 5646 0 20180315 2
T 909 8638 2 20180318 4
T 909 8311 0 20180310 4
T 909 5606 9 20180323 4
T 909 4428 9 20180309 4
T 909 8656 1 20180326 2
T 909 4795 6 20180329 7
T 909 2641 3 20180318 5
T 909 4657 0 20180329 2
T 909 3656 4 20180325 1
T 909 6274 1 20180320 1
T 673 1233 3 20180321 3
T 673 3955 9 20180327 2
T 673 1850 6 20180312 4
T 673 4312 2 20180315 4
T 673 6585 0 20180308 1
T 673 1688 1 20180309 3
T 673 7041 0 20180315 2
T 673 2494 1 20180312 2
T 673 5065 0 20180319 6
T 673 9422 4 20180330 1
T 673 4075 5 20180316 5
T 673 1272 0 20180308 1
T 673 3820 2 20180305 4
T 673 6077 5 20180305 5
T 673 1034 4 20180325 1
T 673 7964 9 20180318 6
T 673 6276 3 20180323 1
T 673 3660 7 20180307 5
T 673 3607 7 20180309 3
T 673 7961 5 20180313 1
T 673 8282 5 20180318 3
T 673 1670 7 20180301 1
T 673 2409 7 20180306 7
T 673 8067 7 20180322 3
T 673 1681 4 20180314 3
T 551 2472 6 20180301 4
T 551 3930 2 20180324 1
T 551 8269 1 20180306 5
T 551 7476 7 20180331 6
T 551 5507 9 20180328 5
T 551 8117 0 20180319 5
T 551 8151 2 20180330 7
T 551 7442 3 20180308 7
T 551 9866 2 20180311 3
T 551 5781 1 20180313 3
T 551 3482 5 20180330 7
T 551 4227 9 20180325 7
T 551 9449 6 20180317 6
T 551 7452 1 20180310 4
T 551 4603 2 20180312 1
T 551 6601 6 20180331 5
T 551 8868 3 20180329 3
T 551 4909 3 20180324 5
T 551 9315 7 20180322 2
T 551 6818 4 20180305 5
T 551 2410 6 20180310 7
T 551 7875 6 20180312 2
T 551 7903 2 20180316 3
T 551 3486 1 20180309 5
T 551 1202 6 20180302 3
T 541 4737 7 20180309 1
T 541 5094 5 20180324 7
T 541 7293 3 20180304 3
T 541 6964 9 20180304 2
T 541 4288 2 20180305 1
T 541 6104 6 20180317 6
T 541 7828 7 20180314 6
T 541 5131 4 20180305 7
T 541 3130 4 20180331 5
T 541 9673 7 20180320 5
T 541 1901 7 20180301 6
T 541 7555 1 20180302 1
T 541 4872 2 20180308 7
T 541 8728 7 20180327 5
T 541 5842 2 20180313 7
T 541 7989 5 20180328 1
T 541 9433 8 20180322 7
T 541 6527 3 20180318 5
T 541 1853 5 20180315 6
T 541 7560 5 20180329 2
T 541 7549 1 20180305 5
T 541 9038 9 20180307 4
T 541 3583 6 20180314 1
T 541 2200 3 20180303 1
T 541 2455 7 20180331 6
T 980 2158 5 20180316 2
T 980 2082 9 20180302 6
T 980 5417 9 20180301 2
T 980 1966 1 20180325 1
T 980 2466 0 20180314 4
T 980 6506 8 20180316 6
T 980 2443 5 20180326 3
T 980 4355 7 20180304 4
T 980 3896 5 20180323 4
T 980 5998 7 20180310 1
T 980 7622 2 20180309 6
T 980 5184 0 20180327 5
T 980 1709 2 20180303 5
T 980 2223 5 20180314 3
T 980 2639 2 20180320 4
T 980 1345 7 20180302 3
T 980 3740 7 20180325 7
T 980 5982 0 20180329 3
T 980 4541 1 20180305 7
T 980 3165 9 20180316 3
T 980 3268 5 20180301 3
T 980 2401 4 20180322 3
T 980 7279 3 20180328 6
T 980 1172 9 20180303 3
T 980 7580 8 20180306 2
T 115 9933 0 20180318 3
T 115 3345 7 20180308 4
T 115 7148 7 20180326 7
T 115 3657 8 20180311 4
T 115 3494 0 20180325 7
T 115 3792 6 20180323 3
T 115 6682 8 20180321 3
T 115 7358 8 20180321 5
T 115 9338 2 20180303 2
T 115 9354 3 20180322 5
T 115 1549 5 20180317 3
T 115 4060 8 20180326 5
T 115 8896 5 20180319 2
T 115 3502 3 20180317 7
T 115 1998 1 20180309 6
T 115 1062 9 20180317 7
T 115 2267 6 20180304 1
T 115 9388 8 20180322 7
T 115 3860 2 20180311 5
T 115 2411 2 20180331 6
T 115 8806 1 20180301 2
T 115 3535 8 20180307 1
T 115 8708 1 20180320 6
T 115 3455 2 20180329 3
T 115 2347 7 20180301 2
T 796 1334 2 20180316 5
T 796 4125 6 20180331 3
T 796 4621 8 20180316 4
T 796 1074 1 20180312 3
T 796 1115 5 20180313 7
T 796 7469 0 20180321 7
T 796 3003 5 20180311 3
T 796 3600 3 20180316 3
T 796 6458 0 20180301 7
T 796 6911 9 20180309 1
T 796 8459 7 20180316 6
T 796 9306 8 20180304 7
T 796 5083 5 20180325 2
T 796 5687 4 20180306 6
T 796 1306 4 20180304 3
T 796 8689 6 20180321 4
T 796 6746 6 20180313 3
T 796 6954 6 20180311 4
T 796 5049 8 20180311 3
T 796 7426 4 20180310 2
T 796 9735 1 20180311 4
T 796 6204 5 20180308 5
T 796 1021 3 20180330 6
T 796 9835 5 20180310 5
T 796 3294 7 20180329 7
T 171 4803 2 20180313 7
T 171 2056 7 20180308 6
T 171 2702 5 20180331 2
T 171 7012 3 20180321 2
T 171 8596 8 20180327 6
T 171 3133 7 20180322 2
T 171 4410 0 20180327 5
T 171 7777 7 20180318 2
T 171 1222 9 20180302 1
T 171 7229 2 20180331 7
T 171 8630 9 20180302 4
T 171 3811 6 20180324 2
T 171 6211 6 20180301 6
T 171 4738 7 20180302 6
T 171 7539 8 20180314 4
T 171 6656 9 20180321 5
T 171 9424 7 20180325 5
T 171 9973 7 20180316 6
T 171 7676 5 20180312 1
T 171 3190 1 20180307 6
T 171 7696 2 20180320 2
T 171 9275 6 20180330 5
T 171 5926 3 20180304 2
T 171 4243 7 20180326 3
T 171 5359 6 20180329 4
T 976 4542 4 20180311 1
T 976 9864 6 20180306 2
T 976 8289 4 20180302 4
T 976 7203 7 20180317 3
T 976 7003 1 20180329 1
T 976 3749 0 20180313 1
T 976 9235 7 20180318 4
T 976 6675 0 20180329 1
T 976 4406 0 20180302 1
T 976 3326 2 20180328 5
T 976 3960 4 20180309 1
T 976 2284 8 20180312 6
T 976 9879 2 20180327 3
T 976 4389 2 20180312 3
T 976 9545 8 20180319 1
T 976 7880 6 20180312 6
T 976 7472 4 20180303 7
T 976 3888 7 20180311 6
T 976 1214 3 20180328 6
T 976 7527 7 20180326 1
T 976 6054 1 20180313 6
T 976 5392 6 20180325 4
T 976 5641 4 20180314 2
T 976 1698 8 20180304 6
T 976 2844 7 20180319 7
T 786 2083 3 20180331 4
T 786 3062 8 20180306 7
T 786 6645 2 20180316 6
T 786 6388 3 20180307 2
T 786 2144 6 20180325 4
T 786 1914 0 20180320 7
T 786 2731 4 20180306 3
T 786 2833 7 20180311 3
T 786 1971 3 20180325 3
T 786 2279 9 20180309 6
T 786 2664 7 20180316 6
T 786 1777 7 20180303 2
T 786 4540 8 20180324 4
T 786 9502 3 20180313 1
T 786 7943 6 20180317 7
T 786 4362 8 20180310 4
T 786 2972 0 20180326 3
T 786 1605 0 20180305 2
T 786 8658 6 20180302 7
T 786 1924 1 20180324 7
T 786 9099 2 20180329 2
T 786 7051 0 20180302 2
T 786 6259 0 20180321 4
T 786 3772 1 20180322 3
T 786 9533 0 20180315 1
T 981 2643 7 20180328 6
T 981 7765 8 20180306 6
T 981 9779 9 20180326 7
T 981 2849 7 20180305 7
T 981 8075 1 20180305 3
T 981 2612 7 20180327 4
T 981 9362 5 20180328 7
T 981 6261 3 20180329 6
T 981 1566 8 20180319 6
T 981 6625 7 20180321 5
T 981 7511 4 20180315 7
T 981 3055 6 20180326 1
T 981 8054 9 20180312 7
T 981 7827 2 20180314 5
T 981 4003 5 20180311 5
T 981 5305 1 20180324 2
T 981 7287 5 20180329 4
T 981 3050 5 20180307 6
T 981 9823 1 20180330 5
T 981 9392 9 20180312 7
T 981 4133 3 20180321 5
T 981 8115 3 20180311 1
T 981 7118 8 20180312 6
T 981 5941 6 20180316 1
T 981 6074 9 20180311 1
T 565 2438 0 20180302 2
T 565 1036 6 20180307 7
T 565 1178 1 20180310 3
T 565 7831 8 20180305 1
T 565 3034 2 20180331 7
T 565 1723 3 20180322 5
T 565 1362 1 20180323 5
T 565 2356 0 20180321 3
T 565 2153 7 20180319 1
T 565 4269 8 20180304 3
T 565 9307 4 20180324 5
T 565 3748 8 20180325 4
T 565 2523 7 20180314 2
T 565 2425 1 20180328 2
T 565 3901 6 20180325 4
T 565 7198 4 20180325 6
T 565 2763 3 20180330 4
T 565 2739 0 20180330 1
T 565 5166 6 20180325 6
T 565 6216 5 20180310 6
T 565 4197 7 20180331 4
T 565 8848 8 20180323 2
T 565 5444 5 20180321 2
T 565 9909 4 20180331 2
T 565 8473 9 20180324 1
X
Y
U 981 325
U 981 325
D 541
D 171
X
L 115 3657
M 0 5
F 8282 5
X
Y
