# ************************************
# University of Crete
# Computer Science Department
# 
# CS240 - Data Structures
# Project - Phase I test file
# 
# Events:    Number:
#   R         20
#   S         5
#   T         100
#   U         2
#   D         2
#   L         1
#   M         1
#   F         1
#   X         3
#   Y         2
# 
# Created on: 25/2/2018, 13:30:25
# ************************************

R 420
R 787
R 338
R 951
R 900
R 662
R 804
R 277
R 268
R 128
R 624
R 354
R 919
R 144
R 966
R 305
R 799
R 882
R 491
R 377
S 951 128
S 268 277
S 420 144
S 377 305
S 305 338
T 420 9209 1 20180328 2
T 420 1789 7 20180325 7
T 420 9832 9 20180328 4
T 420 3447 8 20180320 2
T 420 1378 3 20180304 4
T 787 7296 2 20180330 1
T 787 6779 9 20180325 5
T 787 7328 5 20180324 5
T 787 7568 6 20180325 6
T 787 4980 5 20180322 3
T 338 6266 5 20180331 6
T 338 4640 6 20180303 4
T 338 9947 1 20180329 5
T 338 5304 8 20180326 1
T 338 8403 6 20180324 4
T 951 2896 5 20180305 7
T 951 2565 9 20180324 5
T 951 5765 4 20180302 1
T 951 1339 0 20180331 4
T 951 6679 0 20180328 5
T 900 3324 8 20180310 6
T 900 7162 1 20180327 4
T 900 7861 6 20180302 7
T 900 2132 1 20180329 3
T 900 1972 6 20180329 5
T 662 2066 9 20180324 2
T 662 9858 7 20180319 5
T 662 8081 4 20180308 1
T 662 3695 5 20180325 7
T 662 7290 6 20180316 4
T 804 3235 5 20180314 3
T 804 4134 6 20180326 1
T 804 6309 4 20180305 4
T 804 2770 2 20180317 7
T 804 9037 1 20180322 3
T 277 4474 7 20180322 7
T 277 5806 6 20180320 2
T 277 2398 1 20180314 5
T 277 5863 7 20180312 7
T 277 5223 1 20180329 1
T 268 6676 0 20180319 6
T 268 4078 1 20180324 2
T 268 3528 4 20180320 5
T 268 2868 2 20180319 6
T 268 9626 2 20180329 1
T 128 4265 3 20180325 7
T 128 2178 1 20180325 5
T 128 4234 7 20180321 7
T 128 7730 2 20180326 1
T 128 4601 5 20180311 5
T 624 1184 9 20180311 2
T 624 3111 9 20180331 2
T 624 2959 8 20180310 5
T 624 2977 1 20180315 3
T 624 3469 2 20180330 5
T 354 9784 6 20180320 6
T 354 8875 4 20180326 2
T 354 1059 1 20180330 1
T 354 1708 3 20180308 3
T 354 3387 2 20180316 4
T 919 1982 8 20180302 3
T 919 9231 5 20180322 2
T 919 8405 6 20180326 6
T 919 3167 4 20180317 1
T 919 8992 3 20180313 7
T 144 5279 3 20180329 4
T 144 6868 1 20180327 7
T 144 4617 3 20180313 4
T 144 2687 4 20180327 1
T 144 1102 5 20180310 6
T 966 2351 1 20180320 3
T 966 6047 1 20180316 4
T 966 5436 8 20180311 7
T 966 3209 2 20180317 7
T 966 4978 3 20180326 6
T 305 7877 2 20180312 7
T 305 7115 1 20180302 5
T 305 7434 3 20180317 7
T 305 5133 1 20180308 1
T 305 3831 7 20180315 6
T 799 6947 8 20180325 7
T 799 1696 2 20180325 4
T 799 7198 6 20180312 4
T 799 8509 7 20180313 4
T 799 9224 4 20180307 5
T 882 8233 7 20180316 2
T 882 8996 7 20180309 2
T 882 5615 7 20180301 2
T 882 6077 7 20180303 5
T 882 1767 8 20180305 6
T 491 5526 5 20180308 3
T 491 3186 6 20180327 2
T 491 1811 0 20180325 7
T 491 8074 2 20180305 5
T 491 1265 4 20180328 4
T 377 2725 8 20180323 6
T 377 7078 7 20180313 6
T 377 7120 5 20180317 2
T 377 1744 7 20180317 3
T 377 4538 3 20180315 4
X
Y
U 377 305
U 377 305
D 268
D 420
X
L 377 4538
M 0 5
F 4234 7
X
Y
