# ************************************
# University of Crete
# Computer Science Department
# 
# CS240 - Data Structures
# Project - Phase I test file
# 
# Events:    Number:
#   R         20
#   S         5
#   T         200
#   U         2
#   D         2
#   L         1
#   M         1
#   F         1
#   X         3
#   Y         2
# 
# Created on: 25/2/2018, 13:32:37
# ************************************

R 244
R 809
R 291
R 277
R 261
R 794
R 941
R 224
R 108
R 734
R 397
R 685
R 891
R 443
R 867
R 906
R 323
R 776
R 497
R 254
S 261 291
S 261 941
S 941 497
S 277 809
S 244 685
T 244 3178 1 20180311 4
T 244 4270 5 20180308 3
T 244 6969 2 20180301 7
T 244 8972 8 20180312 6
T 244 8007 6 20180316 2
T 244 8165 7 20180312 7
T 244 1598 6 20180330 2
T 244 7717 9 20180325 7
T 244 2070 1 20180314 4
T 244 7045 6 20180325 3
T 809 9136 7 20180311 6
T 809 6982 7 20180317 4
T 809 3965 0 20180321 1
T 809 7643 0 20180304 6
T 809 7240 0 20180302 4
T 809 1212 8 20180314 1
T 809 9982 8 20180320 5
T 809 5862 4 20180301 4
T 809 2690 3 20180308 6
T 809 1352 7 20180310 3
T 291 8023 9 20180316 4
T 291 9804 6 20180311 5
T 291 7198 3 20180304 5
T 291 3017 5 20180327 2
T 291 4697 4 20180328 7
T 291 8965 8 20180313 1
T 291 3075 6 20180329 2
T 291 4527 2 20180320 2
T 291 2627 1 20180322 2
T 291 7755 0 20180326 4
T 277 4480 9 20180305 5
T 277 5334 0 20180326 7
T 277 5377 7 20180327 3
T 277 6594 2 20180314 6
T 277 8819 3 20180304 2
T 277 6321 7 20180314 6
T 277 9035 1 20180329 5
T 277 2239 7 20180303 4
T 277 7333 2 20180305 2
T 277 3170 9 20180303 6
T 261 7238 9 20180304 3
T 261 2444 5 20180306 1
T 261 9217 2 20180309 4
T 261 1441 7 20180309 7
T 261 8623 2 20180319 7
T 261 9722 6 20180316 5
T 261 9124 6 20180327 2
T 261 6514 9 20180328 3
T 261 8714 9 20180320 1
T 261 5624 7 20180302 3
T 794 1689 3 20180329 1
T 794 1544 2 20180303 7
T 794 4735 6 20180328 3
T 794 3887 4 20180302 2
T 794 1412 9 20180312 5
T 794 8659 2 20180330 5
T 794 2885 5 20180323 6
T 794 4357 7 20180305 4
T 794 1994 0 20180318 2
T 794 3601 6 20180303 5
T 941 3657 9 20180303 5
T 941 4348 1 20180327 3
T 941 1546 2 20180303 7
T 941 5014 0 20180320 5
T 941 6638 3 20180312 7
T 941 2074 5 20180314 2
T 941 6494 0 20180313 7
T 941 7003 4 20180319 7
T 941 5049 6 20180318 6
T 941 8538 4 20180308 7
T 224 6627 3 20180326 1
T 224 4219 4 20180323 7
T 224 7987 1 20180331 7
T 224 6711 4 20180304 2
T 224 5117 5 20180305 1
T 224 1050 7 20180303 4
T 224 4963 6 20180309 2
T 224 1750 5 20180306 5
T 224 8507 9 20180325 2
T 224 4749 5 20180306 2
T 108 6510 1 20180303 2
T 108 6337 2 20180316 1
T 108 7667 6 20180306 6
T 108 4461 2 20180307 6
T 108 9344 4 20180304 1
T 108 9974 2 20180323 6
T 108 3390 4 20180301 5
T 108 1052 1 20180328 5
T 108 4234 9 20180327 7
T 108 2606 3 20180301 7
T 734 9938 1 20180321 3
T 734 4959 8 20180307 3
T 734 4126 3 20180312 3
T 734 6264 0 20180306 6
T 734 6365 1 20180317 5
T 734 4586 4 20180307 6
T 734 4349 0 20180323 4
T 734 4976 7 20180315 4
T 734 9022 1 20180326 3
T 734 1033 0 20180322 3
T 397 3892 0 20180322 7
T 397 2558 8 20180324 6
T 397 1633 2 20180312 4
T 397 7280 5 20180308 1
T 397 7088 9 20180320 1
T 397 6854 0 20180318 4
T 397 3040 3 20180328 2
T 397 4436 5 20180319 5
T 397 6830 2 20180319 6
T 397 2335 3 20180319 2
T 685 6906 9 20180322 3
T 685 5977 9 20180314 2
T 685 8665 0 20180311 4
T 685 2221 9 20180302 3
T 685 3408 9 20180319 5
T 685 5402 1 20180311 1
T 685 5061 9 20180330 5
T 685 3959 5 20180326 7
T 685 5590 5 20180311 1
T 685 4786 7 20180310 2
T 891 8273 6 20180325 7
T 891 5878 8 20180310 6
T 891 7626 8 20180315 2
T 891 1662 8 20180312 4
T 891 7965 3 20180304 1
T 891 9488 0 20180312 4
T 891 4844 4 20180327 2
T 891 7612 1 20180331 3
T 891 9253 9 20180329 6
T 891 3241 7 20180315 2
T 443 2675 6 20180307 7
T 443 1538 7 20180324 3
T 443 8844 8 20180308 6
T 443 9664 6 20180309 3
T 443 1629 1 20180318 6
T 443 3489 5 20180306 2
T 443 5695 0 20180329 6
T 443 8421 4 20180329 1
T 443 1893 1 20180301 2
T 443 8993 7 20180317 6
T 867 6899 7 20180318 5
T 867 4748 8 20180301 4
T 867 9754 5 20180310 2
T 867 2507 4 20180314 5
T 867 6116 3 20180315 3
T 867 7969 3 20180313 7
T 867 5684 4 20180302 3
T 867 2741 5 20180306 6
T 867 4246 7 20180315 6
T 867 6233 4 20180309 4
T 906 1571 5 20180325 2
T 906 1231 2 20180329 5
T 906 6571 3 20180331 3
T 906 7837 3 20180309 2
T 906 8238 2 20180322 7
T 906 8846 8 20180327 2
T 906 6400 3 20180301 2
T 906 8102 2 20180323 6
T 906 8453 5 20180303 6
T 906 8070 0 20180314 3
T 323 4459 4 20180325 2
T 323 8441 0 20180314 5
T 323 4284 1 20180320 2
T 323 9731 4 20180315 4
T 323 8106 4 20180324 5
T 323 7774 4 20180314 5
T 323 1238 5 20180314 6
T 323 5672 8 20180307 7
T 323 3863 0 20180302 2
T 323 1721 4 20180325 4
T 776 4645 6 20180318 7
T 776 2363 1 20180321 5
T 776 8892 2 20180312 3
T 776 7124 9 20180313 2
T 776 4590 2 20180323 2
T 776 4776 6 20180319 4
T 776 6996 7 20180316 1
T 776 5690 9 20180323 7
T 776 6777 2 20180326 6
T 776 4631 4 20180314 2
T 497 7537 8 20180320 3
T 497 7947 0 20180319 2
T 497 3144 3 20180315 5
T 497 9424 0 20180303 5
T 497 8176 6 20180323 3
T 497 6104 4 20180308 2
T 497 7676 0 20180301 2
T 497 5760 4 20180314 2
T 497 3110 0 20180321 1
T 497 1954 2 20180306 3
T 254 6240 6 20180301 4
T 254 7139 0 20180304 4
T 254 7317 8 20180325 2
T 254 3922 0 20180315 1
T 254 1852 4 20180307 5
T 254 9168 6 20180328 1
T 254 7374 5 20180305 6
T 254 8252 3 20180305 3
T 254 9598 1 20180329 5
T 254 3299 0 20180304 7
X
Y
U 261 291
U 261 941
D 443
D 291
X
L 254 9168
M 1 3
F 6104 4
X
Y
